"""

---------------------------- Initial Poses ------------------------
Book blue:
pose: 
Tra: [ 0.6568081  -0.14643776  0.1201927 ]
 Rot: [[ 0.9911468   0.08715405 -0.10006563]
 [ 0.07762959 -0.99239507 -0.09542848]
 [-0.10762162  0.08681558 -0.990394  ]]
 Qtn: [ 0.04571018  0.99673666  0.04133079 -0.05209181]
 from franka_tool to world

Book yellow:
pose: 
Tra: [ 0.66207908 -0.00166629  0.11501748]
 Rot: [[ 0.99692476  0.04855369 -0.06135462]
 [ 0.04889357 -0.99878615  0.00404968]
 [-0.06108352 -0.00703707 -0.99810782]]
 Qtn: [-0.00277383  0.99922704  0.02438066 -0.03063321]
 from franka_tool to world

 Book Orange:
 pose: 
Tra: [ 0.47768965 -0.08509741  0.11772312]
 Rot: [[ 0.99244266 -0.01087249 -0.12214908]
 [-0.00938557 -0.99986514  0.01274195]
 [-0.12227115 -0.01149922 -0.99242997]]
 Qtn: [-0.00607189  0.9980904  -0.00507421 -0.06122197]
 from franka_tool to world

 Book green:
 pose: 
Tra: [0.48609779 0.08574463 0.11343034]
 Rot: [[ 0.98984891  0.06763175 -0.12492452]
 [ 0.06990401 -0.99744735  0.01389102]
 [-0.12366615 -0.02248274 -0.992069  ]]
 Qtn: [-0.00911699  0.99741732  0.03447297 -0.06230859]
 from franka_tool to world

 

 ------------------------------ Goal Poses ---------------------------

 Upper Shelf - Cat 1:

 pose: 
Tra: [0.2542272  0.54131726 0.3930374 ]
 Rot: [[ 8.66833608e-03  9.96778072e-01 -7.96191209e-02]
 [-1.13968918e-01  8.00873401e-02  9.90250842e-01]
 [ 9.93436809e-01  4.90277943e-04  1.14298143e-01]]
 Qtn: [ 0.54841905 -0.45118808 -0.48915876 -0.50634045]
 from franka_tool to world

 pose: 
Tra: [0.40602605 0.55371199 0.3968626 ]
 Rot: [[ 0.02818015  0.99137705 -0.12790025]
 [-0.06630993  0.12952204  0.98935667]
 [ 0.9973914  -0.01939951  0.06938948]]
 Qtn: [ 0.55387085 -0.45532103 -0.5079215  -0.47740686]
 from franka_tool to world



 Upper Shelf - Cat 2:
pose: 
Tra: [0.25881709 0.55905988 0.11613355]
 Rot: [[ 0.0720826   0.98931157 -0.12667977]
 [-0.08482866  0.13262977  0.98752872]
 [ 0.9937751  -0.06043756  0.09348407]]
 Qtn: [ 0.56969212 -0.45988273 -0.49169316 -0.47136874]
 from franka_tool to world


 pose: 
Tra: [0.40016891 0.56485408 0.11201383]
 Rot: [[ 0.05408492  0.99689113 -0.0571289 ]
 [-0.13564292  0.06401679  0.98868722]
 [ 0.98927072 -0.04572394  0.13868624]]
 Qtn: [ 0.56053277 -0.46135178 -0.46669868 -0.505115  ]
 from franka_tool to world




p4 -> p1 -> p3 -> p2 
green -> blue -> yellow -> orange



yellow , orange === same category
green , blue === same category



 """